Código Modular,Total Programado,N° tabletas programadas docente,N° tabletas programadas estudiantes,Total actualizado,N° de tabletas actualizadas de docentes,N° tabletas actualizadas de estudiantes
293316,1,0,1,0,0,0
293324,1,1,0,1,1,0
1412485,1,1,0,1,1,0
749226,10,3,7,10,3,7
1175330,7,2,5,7,2,5
1412378,2,1,1,2,1,1
1223338,71,8,63,71,8,63
1478718,58,8,50,58,8,50
471011,1,0,1,1,0,1
1220649,5,3,2,5,3,2
517227,1,0,1,1,0,1
1459395,5,2,3,5,2,3
590026,41,2,39,41,2,39
712992,1,0,1,1,0,1
713388,4,1,3,4,1,3
712190,8,1,7,5,1,4
854067,5,1,4,3,1,2
807420,4,1,3,4,1,3
631648,19,1,18,19,1,18
631408,33,1,32,33,1,32
1167402,2,0,2,2,0,2
1167840,3,3,0,3,3,0
269290,1,0,1,1,0,1
212688,1,1,0,1,1,0
213611,3,1,2,0,0,0
213629,1,0,1,0,0,0
213892,1,0,1,1,0,1
1251339,101,12,89,101,12,89
367276,1,1,0,0,0,0
1451699,2,1,1,2,1,1
1167592,7,3,4,7,3,4
367318,5,1,4,5,1,4
687640,6,1,5,6,1,5
367433,14,1,13,14,1,13
367458,7,1,6,5,1,4
268656,40,1,39,40,1,39
1399708,78,7,71,78,7,71
214650,3,1,2,3,1,2
267062,22,1,21,22,1,21
1458157,3,2,1,3,2,1
367649,1,1,0,1,1,0
214015,1,0,1,1,0,1
1458256,1,1,0,0,0,0
268714,1,0,1,1,0,1
268128,24,1,23,23,0,23
1454834,1,1,0,1,1,0
214056,36,1,35,36,1,35
1582758,1,1,0,1,1,0
560250,49,6,43,49,6,43
213173,15,1,14,15,1,14
214098,1,0,1,1,0,1
475475,3,1,2,3,1,2
1165976,27,1,26,27,1,26
622225,1,0,1,0,0,0
724666,4,4,0,4,4,0
661389,2,1,1,2,1,1
1573963,1,1,0,1,1,0
806109,16,1,15,13,1,12
1739341,1,0,1,1,0,1
544361,2,1,1,2,1,1
1379619,1,1,0,1,1,0
759852,5,1,4,0,0,0
760017,3,1,2,0,0,0
1109875,7,1,6,0,0,0
347989,1,0,1,0,0,0
348094,1,0,1,0,0,0
447375,1,1,0,0,0,0
447524,1,0,1,0,0,0
447607,1,1,0,0,0,0
447789,1,0,1,0,0,0
448142,1,0,1,0,0,0
448340,1,0,1,0,0,0
448530,2,1,1,0,0,0
448589,1,0,1,0,0,0
448738,1,0,1,0,0,0
448787,1,0,1,0,0,0
449058,4,1,3,0,0,0
454165,3,1,2,3,1,2
454173,4,1,3,4,1,3
454298,4,0,4,4,0,4
454322,1,0,1,1,0,1
454603,1,0,1,0,0,0
454934,2,1,1,0,0,0
466813,1,0,1,1,0,1
455048,1,0,1,0,0,0
455139,1,1,0,0,0,0
455436,1,0,1,0,0,0
484816,2,1,1,0,0,0
491555,1,0,1,0,0,0
580878,1,0,1,0,0,0
446047,2,0,2,0,0,0
576298,21,1,20,0,0,0
620138,9,1,8,9,1,8
860486,1,0,1,1,0,1
263731,1,0,1,1,0,1
520510,12,3,9,12,3,9
264077,8,1,7,8,1,7
258772,3,0,3,3,0,3
258905,1,0,1,1,0,1
554154,2,0,2,0,0,0
926501,6,2,4,0,0,0
403063,1,0,1,0,0,0
403394,4,1,3,0,0,0
222133,2,1,1,0,0,0
918276,1,1,0,0,0,0
1222652,5,2,3,0,0,0
222216,1,0,1,0,0,0
524926,5,3,2,0,0,0
222281,2,0,2,0,0,0
927244,1,1,0,0,0,0
222349,1,1,0,1,1,0
722975,3,2,1,3,2,1
535260,3,3,0,3,3,0
222471,1,1,0,1,1,0
917625,7,6,1,7,6,1
222497,1,0,1,1,0,1
222638,2,1,1,2,1,1
1222645,2,1,1,2,1,1
222745,1,0,1,0,0,0
1327113,2,1,1,0,0,0
222836,1,0,1,1,0,1
1739010,1,0,1,1,0,1
223354,17,1,16,17,1,16
926477,3,2,1,0,0,0
223818,1,1,0,0,0,0
918219,4,2,2,0,0,0
1417559,4,3,1,0,0,0
1756089,1,1,0,0,0,0
223990,2,1,1,2,1,1
747394,2,2,0,2,2,0
1384569,2,1,1,0,0,0
224451,9,1,8,9,1,8
224527,2,1,1,0,0,0
1223130,2,1,1,0,0,0
1223288,5,1,4,5,1,4
262675,5,1,4,5,1,4
516906,1,1,0,1,1,0
1106640,2,1,1,2,1,1
1222926,3,0,3,3,0,3
555235,4,1,3,4,1,3
554634,4,1,3,4,1,3
514265,2,0,2,2,0,2
1404557,1,1,0,0,0,0
1548247,1,1,0,0,0,0
553057,1,1,0,0,0,0
528927,5,1,4,5,1,4
513762,10,1,9,0,0,0
499046,1,0,1,0,0,0
527937,1,0,1,1,0,1
1377944,3,1,2,0,0,0
747279,2,2,0,0,0,0
1504919,1,1,0,0,0,0
722785,4,1,3,4,1,3
1327097,6,1,5,6,1,5
641241,3,2,1,3,2,1
641308,1,0,1,0,0,0
1377993,4,1,3,0,0,0
668905,2,0,2,0,0,0
691394,2,0,2,0,0,0
680520,1,1,0,1,1,0
1113828,1,1,0,1,1,0
1051358,1,0,1,0,0,0
917500,3,1,2,3,1,2
841163,1,1,0,1,1,0
1779347,2,1,1,2,1,1
836379,1,0,1,0,0,0
918268,4,1,3,0,0,0
917211,7,1,6,7,1,6
842344,1,0,1,1,0,1
1349455,1,0,1,1,0,1
1404524,2,1,1,0,0,0
585653,2,1,1,0,0,0
1113786,3,1,2,0,0,0
722777,2,1,1,0,0,0
1738996,7,1,6,0,0,0
836585,15,1,14,15,1,14
722835,1,0,1,0,0,0
529123,1,0,1,0,0,0
926204,3,1,2,0,0,0
1626944,3,0,3,0,0,0
493049,18,4,14,0,0,0
1051572,2,2,0,0,0,0
1159169,8,2,6,0,0,0
1110352,1,1,0,0,0,0
611319,1,1,0,0,0,0
1112465,4,2,2,0,0,0
452839,3,2,1,0,0,0
1352012,4,1,3,0,0,0
1380005,5,2,3,5,2,3
1336080,1,1,0,0,0,0
1434851,3,3,0,0,0,0
619510,2,2,0,0,0,0
1340934,7,3,4,0,0,0
1133628,2,2,0,0,0,0
1349315,3,1,2,0,0,0
1665520,4,3,1,0,0,0
1110634,101,8,93,0,0,0
740993,4,1,3,0,0,0
1371251,11,2,9,0,0,0
1051614,2,2,0,0,0,0
525634,2,1,1,0,0,0
580456,4,3,1,0,0,0
642256,2,2,0,0,0,0
1052034,1,1,0,0,0,0
1330141,2,1,1,0,0,0
1366129,13,2,11,0,0,0
1365980,2,2,0,0,0,0
535039,3,1,2,0,0,0
1573583,1,1,0,0,0,0
759977,1,1,0,0,0,0
452821,3,3,0,0,0,0
1110394,5,2,3,0,0,0
726851,2,1,1,0,0,0
1159441,1,0,1,1,0,1
759100,1,1,0,1,1,0
759142,9,5,4,9,5,4
641746,2,2,0,0,0,0
1232198,8,6,2,0,0,0
580274,1,1,0,0,0,0
453084,5,4,1,0,0,0
640599,3,3,0,0,0,0
1528926,12,1,11,0,0,0
1311778,4,2,2,0,0,0
467043,1,1,0,0,0,0
1361856,2,2,0,0,0,0
1347897,2,1,1,0,0,0
451013,1,0,1,1,0,1
1159805,2,0,2,2,0,2
451138,2,0,2,2,0,2
425702,1,0,1,1,0,1
451336,1,1,0,1,1,0
451377,1,1,0,1,1,0
425439,1,0,1,1,0,1
425447,1,0,1,1,0,1
426957,1,0,1,1,0,1
1159813,4,2,2,4,2,2
424952,1,0,1,1,0,1
427112,7,1,6,7,1,6
427153,3,1,2,3,1,2
629998,1,0,1,1,0,1
550947,9,4,5,9,4,5
1160241,4,3,1,4,3,1
1160084,3,0,3,3,0,3
1159896,5,3,2,5,3,2
206417,1,0,1,0,0,0
206458,2,0,2,2,0,2
206466,2,0,2,2,0,2
206474,6,1,5,6,1,5
206524,2,0,2,2,0,2
206821,1,0,1,0,0,0
207076,5,0,5,5,0,5
528950,7,1,6,7,1,6
819664,2,0,2,2,0,2
819359,2,0,2,2,0,2
1127752,1,0,1,0,0,0
1128552,10,1,9,10,1,9
1128446,3,1,2,2,0,2
1544584,6,1,5,0,0,0
1578491,1,0,1,0,0,0
1544006,3,3,0,0,0,0
579359,3,2,1,0,0,0
271346,16,1,15,16,1,15
271858,16,1,15,16,1,15
913905,39,7,32,39,7,32
271890,2,0,2,2,0,2
272963,1,0,1,1,0,1
1778448,37,7,30,37,7,30
272039,8,1,7,8,1,7
275107,19,1,18,19,1,18
304527,1,0,1,1,0,1
272773,2,2,0,2,2,0
272781,15,1,14,15,1,14
474304,15,1,14,15,1,14
502914,5,0,5,5,0,5
583245,8,1,7,8,1,7
583542,10,1,9,10,1,9
594986,1,0,1,1,0,1
628800,2,0,2,2,0,2
806505,1,0,1,1,0,1
1600592,2,0,2,2,0,2
1748490,2,0,2,2,0,2
1600626,3,0,3,3,0,3
1397165,5,0,5,5,0,5
733709,1,1,0,1,1,0
666719,4,2,2,4,2,2
666727,35,6,29,35,6,29
913939,28,8,20,28,8,20
915041,1,0,1,1,0,1
1600402,2,2,0,2,2,0
733642,6,1,5,6,1,5
806737,17,4,13,17,4,13
1600345,3,0,3,3,0,3
818104,28,5,23,28,5,23
913780,67,7,60,67,7,60
1765270,4,1,3,4,1,3
288936,6,1,5,0,0,0
292672,1,0,1,1,0,1
292706,1,1,0,1,1,0
1367283,1,1,0,1,1,0
293092,1,0,1,1,0,1
1410687,4,0,4,4,0,4
288720,2,1,1,2,1,1
293225,13,4,9,13,4,9
515726,1,0,1,1,0,1
287920,3,1,2,3,1,2
1376813,2,1,1,2,1,1
287938,3,1,2,3,1,2
1323583,3,1,2,3,1,2
288365,5,2,3,5,2,3
294884,4,0,4,4,0,4
294892,1,0,1,1,0,1
295014,3,0,3,3,0,3
295022,3,1,2,3,1,2
295048,1,0,1,1,0,1
1403369,4,0,4,4,0,4
1414929,1,1,0,5,1,4
294512,1,0,1,1,0,1
1311380,1,1,0,1,1,0
294595,2,1,1,2,1,1
1414291,2,1,1,2,1,1
294603,2,0,2,2,0,2
517110,2,1,1,2,1,1
1316975,41,7,34,41,7,34
288753,6,1,5,6,1,5
477141,3,1,2,3,1,2
514695,2,1,1,2,1,1
1410299,6,3,3,6,3,3
517417,3,1,2,3,1,2
623884,3,0,3,3,0,3
673129,1,0,1,1,0,1
1764117,28,0,28,28,0,28
751925,3,1,2,3,1,2
1190834,4,1,3,4,1,3
1219922,17,1,16,17,1,16
1220169,4,1,3,4,1,3
288266,4,1,3,4,1,3
751990,7,4,3,7,4,3
1223619,2,1,1,2,1,1
1414937,1,1,0,1,1,0
1329374,3,0,3,3,0,3
752014,4,3,1,4,3,1
288340,25,4,21,25,4,21
752022,4,3,1,4,3,1
610352,5,1,4,5,1,4
1223973,12,3,9,0,0,0
1778943,21,1,20,21,1,20
272161,3,0,3,3,0,3
1720085,15,6,9,15,6,9
272658,1,0,1,1,0,1
506329,3,1,2,3,1,2
1748862,173,10,163,173,10,163
923227,177,12,165,177,12,165
922443,3,2,1,3,2,1
806513,3,2,1,3,2,1
614404,9,9,0,9,9,0
345157,2,0,2,2,0,2
345330,1,1,0,1,1,0
1159045,3,0,3,3,0,3
709881,3,2,1,3,2,1
346163,1,0,1,1,0,1
710533,2,0,2,2,0,2
346759,1,0,1,1,0,1
455691,13,0,13,13,0,13
1158047,34,3,31,34,3,31
466847,19,1,18,19,1,18
1131820,43,6,37,39,6,33
446534,1,1,0,1,1,0
555615,1,0,1,1,0,1
542753,21,1,20,16,,16
571505,1,0,1,1,0,1
753319,8,2,6,8,2,6
619700,17,1,16,17,1,16
648121,2,0,2,2,0,2
669614,2,1,1,2,1,1
672493,20,1,19,20,1,19
672337,65,2,63,65,2,63
1717933,3,0,3,3,0,3
672360,1,1,0,1,1,0
1666288,1,1,0,1,1,0
710624,3,1,2,3,1,2
1158328,3,1,2,3,1,2
709998,6,1,5,6,1,5
710327,8,1,7,8,1,7
446286,1,0,1,1,0,1
753301,1,0,1,1,0,1
836544,12,1,11,12,1,11
856419,1,0,1,1,0,1
1224443,1,0,1,1,0,1
446211,4,1,3,4,1,3
446245,2,0,2,2,0,2
466839,14,1,13,12,1,11
625806,2,2,0,2,2,0
1332832,2,1,1,2,1,1
1380229,62,8,54,62,8,54
1777531,1,1,0,1,1,0
351585,20,1,19,20,1,19
1781822,2,2,0,2,2,0
352245,15,1,14,15,1,14
357574,1,0,1,1,0,1
1578707,1,1,0,1,1,0
352922,14,1,13,14,1,13
353458,14,1,13,14,1,13
353888,7,1,6,7,1,6
353912,1,0,1,1,0,1
620898,16,1,15,16,1,15
1626746,3,2,1,3,2,1
562108,3,1,2,3,1,2
629493,1,0,1,1,0,1
1095942,2,2,0,2,2,0
673905,10,1,9,10,1,9
848457,4,1,3,4,1,3
835710,3,1,2,3,1,2
854562,5,1,4,5,1,4
1016955,3,1,2,3,1,2
1017151,2,1,1,2,1,1
621342,3,1,2,3,1,2
1017078,7,1,6,7,1,6
1308089,5,3,2,5,3,2
537001,5,2,3,5,2,3
829895,2,0,2,2,0,2
1561919,1,1,0,1,1,0
673954,1,0,1,1,0,1
1357698,3,1,2,3,1,2
514448,9,9,0,9,9,0
835926,1,0,1,1,0,1
1016674,2,1,1,2,1,1
1539014,1,1,0,1,1,0
1635192,1,1,0,1,1,0
357756,1,0,1,1,0,1
635672,4,4,0,4,4,0
1341734,5,3,2,5,3,2
674457,2,1,1,2,1,1
537308,1,1,0,1,1,0
675082,6,3,3,6,3,3
719401,2,2,0,2,2,0
719492,2,1,1,2,1,1
635581,2,2,0,2,2,0
915157,4,2,2,4,2,2
490284,5,5,0,5,5,0
322073,1,1,0,1,1,0
219915,1,0,1,1,0,1
287201,1,0,1,1,0,1
286740,3,1,2,0,0,0
286757,1,1,0,1,1,0
286765,2,0,2,2,0,2
501866,1,0,1,0,0,0
286898,2,1,1,2,1,1
286914,1,1,0,1,1,0
1127091,2,1,1,2,1,1
309575,14,3,11,14,3,11
286799,3,1,2,3,1,2
591099,6,6,0,6,6,0
614867,3,3,0,3,3,0
678391,14,1,13,14,1,13
443010,1,0,1,1,0,1
387985,1,0,1,0,0,0
438754,1,1,0,0,0,0
1536812,6,4,2,6,4,2
388124,1,0,1,1,0,1
388165,1,1,0,1,1,0
388173,2,1,1,2,1,1
439463,4,4,0,0,0,0
556944,1,0,1,0,0,0
588442,1,1,0,0,0,0
610782,25,1,24,25,1,24
606152,13,1,12,13,1,12
641118,53,2,51,0,0,0
587287,2,0,2,0,0,0
587345,7,1,6,7,1,6
607028,1,1,0,0,0,0
611806,2,0,2,2,0,2
1769629,1,0,1,1,0,1
606897,1,1,0,0,0,0
649756,5,2,3,5,2,3
649665,15,1,14,15,1,14
696195,1,0,1,0,0,0
696187,3,1,2,3,1,2
696161,6,1,5,6,1,5
702027,8,1,7,8,1,7
739789,3,1,2,3,1,2
768515,1,0,1,1,0,1
438804,1,1,0,1,1,0
1107325,2,1,1,2,1,1
1106939,3,1,2,0,0,0
1775808,28,3,25,28,3,25
1110105,1,0,1,1,0,1
1359116,12,1,11,0,0,0
1363852,6,1,5,0,0,0
1363878,4,1,3,4,1,3
1358894,9,1,8,9,1,8
438887,2,0,2,2,0,2
1212042,1,0,1,1,0,1
1786102,1,1,0,0,0,0
388330,2,0,2,0,0,0
388454,1,1,0,0,0,0
1759422,2,2,0,2,2,0
388462,17,1,16,17,1,16
439695,1,0,1,0,0,0
439729,1,1,0,1,1,0
439844,1,0,1,0,0,0
388819,1,1,0,0,0,0
444554,1,0,1,0,0,0
444588,1,1,0,0,0,0
389007,16,1,15,16,1,15
443515,1,0,1,1,0,1
383117,7,1,6,7,1,6
389924,1,0,1,1,0,1
389536,16,1,15,0,0,0
389940,4,1,3,0,0,0
443572,1,1,0,0,0,0
383125,7,1,6,7,1,6
383133,1,0,1,1,0,1
444158,1,1,0,0,0,0
438317,2,1,1,0,0,0
384701,7,1,6,0,0,0
445239,22,1,21,22,1,21
445486,10,1,9,0,0,0
445502,1,0,1,1,0,1
390096,1,1,0,0,0,0
390104,1,1,0,0,0,0
384768,2,0,2,0,0,0
530469,5,1,4,5,1,4
384792,3,0,3,0,0,0
384800,1,1,0,0,0,0
396713,1,0,1,1,0,1
1364009,4,2,2,0,0,0
445569,7,1,6,0,0,0
1364140,2,0,2,0,0,0
445650,1,0,1,0,0,0
390112,1,1,0,0,0,0
445668,4,1,3,0,0,0
389429,22,1,21,0,0,0
388777,1,0,1,0,0,0
518324,1,0,1,0,0,0
476192,1,0,1,1,0,1
1234673,5,2,3,0,0,0
1358886,4,2,2,0,0,0
1212208,3,2,1,3,2,1
1770379,54,6,48,52,6,46
1572361,30,7,23,0,0,0
1210673,4,1,3,0,0,0
1703669,2,0,2,17,2,15
1359306,130,8,122,0,0,0
727842,3,3,0,3,3,0
1363803,4,2,2,0,0,0
1350438,1,0,1,1,0,1
1133461,2,2,0,2,2,0
1363902,4,4,0,4,4,0
695965,1,0,1,1,0,1
727834,3,2,1,0,0,0
1113018,75,8,67,75,8,67
1697689,25,0,25,0,0,0
1111343,7,5,2,7,5,2
1303114,4,4,0,4,4,0
1133420,1,1,0,0,0,0
695684,6,3,3,0,0,0
537563,9,1,8,0,0,0
714709,2,2,0,0,0,0
491035,2,2,0,0,0,0
522995,7,5,2,0,0,0
1302470,4,2,2,0,0,0
1356773,1,1,0,1,1,0
1533611,1,1,0,0,0,0
1452622,2,1,1,2,1,1
1466010,4,1,3,0,0,0
1533280,3,3,0,0,0,0
1578376,5,1,4,0,0,0
1404607,2,2,0,0,0,0
1210806,53,8,45,53,8,45
1533496,3,2,1,0,0,0
1359264,1,1,0,0,0,0
787663,1,1,0,0,0,0
1108968,4,1,3,4,1,3
1359223,1,1,0,0,0,0
1693894,3,2,1,0,0,0
476143,8,3,5,0,0,0
1329259,3,1,2,0,0,0
1109941,3,3,0,0,0,0
771972,24,4,20,24,4,20
1363795,2,2,0,0,0,0
1364025,37,6,31,0,0,0
1570589,4,0,4,0,0,0
1212398,1,1,0,1,1,0
1340819,1,1,0,0,0,0
727818,5,4,1,0,0,0
1629880,2,2,0,0,0,0
1368547,2,0,2,2,0,2
1368729,2,2,0,0,0,0
788562,3,1,2,0,0,0
653741,1,1,0,0,0,0
695924,1,1,0,0,0,0
390872,4,4,0,0,0,0
1356211,1,1,0,1,1,0
1360361,3,0,3,0,0,0
1368901,2,2,0,2,2,0
1540350,1,1,0,0,0,0
390906,6,6,0,0,0,0
1365220,3,3,0,0,0,0
581264,1,1,0,0,0,0
641597,4,4,0,4,4,0
491043,3,1,2,0,0,0
1365279,3,2,1,0,0,0
748335,17,2,15,17,2,15
573204,4,0,4,4,0,4
1638378,6,2,4,6,2,4
641613,1,0,1,1,0,1
683862,2,0,2,2,0,2
1209618,7,4,3,7,4,3
1537414,1,1,0,1,1,0
1330125,10,1,9,10,1,9
839910,2,1,1,2,1,1
265645,2,0,2,2,0,2
840090,6,3,3,6,3,3
401240,3,1,2,3,1,2
1625714,1,0,1,1,0,1
1743236,3,3,0,3,3,0
266007,21,1,20,21,1,20
397067,3,0,3,3,0,3
547943,2,0,2,2,0,2
557025,2,0,2,2,0,2
800599,26,1,25,26,1,25
321257,3,1,2,3,1,2
321539,1,1,0,1,1,0
321844,2,1,1,2,1,1
527648,32,1,31,32,1,31
646018,58,10,48,58,10,48
527440,1,0,1,15,1,14
1783778,8,1,7,10,1,9
203588,63,5,58,63,5,58
1527456,103,7,96,103,7,96
203638,11,1,10,11,1,10
1306323,22,7,15,22,7,15
1150622,4,4,0,4,4,0
685024,2,2,0,0,0,0
720227,1,1,0,1,1,0
1228600,1,1,0,1,1,0
633230,3,1,2,3,1,2
1148402,19,1,18,19,1,18
633537,1,0,1,1,0,1
633560,9,1,8,9,1,8
572818,4,1,3,4,1,3
683441,26,1,25,26,1,25
681882,6,1,5,6,1,5
683425,4,1,3,4,1,3
720557,8,1,7,8,1,7
1153220,41,7,34,41,7,34
720177,2,2,0,0,0,0
398180,21,1,20,21,1,20
1153063,27,8,19,27,8,19
602540,1,0,1,1,0,1
602383,3,1,2,3,1,2
1527746,4,2,2,0,0,0
203729,25,1,24,25,1,24
398248,2,1,1,0,0,0
398263,35,1,34,35,1,34
1153428,55,8,47,55,8,47
398289,34,1,33,34,1,33
621003,57,8,49,57,8,49
738468,7,1,6,0,0,0
1153360,5,1,4,5,1,4
1307818,3,3,0,3,3,0
398776,1,1,0,1,1,0
1209535,3,2,1,3,2,1
838367,6,1,5,6,1,5
557538,5,1,4,5,1,4
1261973,2,1,1,2,1,1
1151745,27,1,26,27,1,26
1153568,7,1,6,7,1,6
838391,10,1,9,10,1,9
399675,3,1,2,2,1,1
1153808,9,1,8,9,1,8
1153881,9,1,8,9,1,8
1153923,22,1,21,22,1,21
1154046,4,1,3,4,1,3
1149301,3,3,0,3,3,0
1154129,5,1,4,5,1,4
1146984,2,1,1,2,1,1
400788,4,1,3,0,0,0
1154244,8,1,7,8,1,7
1328178,2,2,0,2,2,0
1154608,7,1,6,7,1,6
1273960,11,1,10,11,1,10
1527704,3,1,2,0,0,0
1366301,5,1,4,5,1,4
1378355,5,1,4,5,1,4
1378447,12,1,11,12,1,11
399873,3,0,3,3,0,3
1150663,1,1,0,1,1,0
398362,1,0,1,1,0,1
399949,5,1,4,5,1,4
398370,4,1,3,3,1,2
839167,12,1,11,0,0,0
1273804,6,2,4,6,2,4
400994,1,0,1,1,0,1
1527605,3,1,2,3,1,2
398834,12,1,11,0,0,0
398453,19,1,18,19,1,18
1147578,36,8,28,36,8,28
1147891,28,7,21,27,7,20
1527480,2,2,0,2,2,0
547067,14,1,13,14,1,13
546663,12,1,11,0,0,0
557504,2,0,2,2,0,2
1267939,39,7,32,37,7,30
301309,2,0,2,2,0,2
1307784,5,0,5,5,0,5
682211,8,3,5,8,3,5
281766,1,0,1,1,0,1
569137,1,0,1,1,0,1
557942,1,0,1,0,0,0
569723,1,0,1,1,0,1
369942,2,1,1,2,1,1
370049,2,0,2,2,0,2
370171,3,1,2,3,1,2
370197,3,0,3,3,0,3
370205,2,0,2,2,0,2
370221,1,1,0,1,1,0
370296,3,1,2,3,1,2
370569,1,0,1,1,0,1
371021,2,1,1,2,1,1
371039,1,0,1,1,0,1
371054,1,0,1,1,0,1
371203,1,0,1,1,0,1
371260,1,0,1,1,0,1
371278,1,0,1,1,0,1
371492,1,0,1,1,0,1
371518,4,1,3,4,1,3
365288,1,0,1,1,0,1
365353,16,1,15,16,1,15
479857,1,0,1,1,0,1
483966,1,0,1,1,0,1
555177,13,1,12,13,1,12
429084,1,1,0,1,1,0
420562,1,0,1,1,0,1
420703,8,1,7,8,1,7
420836,1,0,1,1,0,1
420943,1,0,1,1,0,1
429191,41,6,35,41,6,35
552331,1,0,1,1,0,1
601245,1,0,1,1,0,1
600890,1,0,1,1,0,1
687350,1,0,1,1,0,1
687541,1,0,1,1,0,1
716472,2,1,1,2,1,1
716506,1,0,1,1,0,1
743278,3,0,3,3,0,3
770651,3,1,2,3,1,2
1058148,6,1,5,6,1,5
1535798,2,0,2,2,0,2
1405745,2,1,1,2,1,1
1400365,7,1,6,7,1,6
580043,9,4,5,9,4,5
1059419,9,5,4,9,5,4
1402759,8,7,1,8,7,1
1376797,2,2,0,2,2,0
1774348,2,0,2,2,0,2
1407477,5,2,3,5,2,3
697680,9,3,6,9,3,6
1753409,1,0,1,1,0,1
1059401,30,8,22,30,8,22
600429,6,1,5,6,1,5
580050,12,4,8,12,4,8
1059617,9,2,7,9,2,7
1573039,6,2,4,6,2,4
1723303,2,1,1,2,1,1
1344738,1,1,0,1,1,0
1574086,2,1,1,2,1,1
1388859,2,0,2,2,0,2
687814,7,2,5,7,2,5
1059377,1,0,1,1,0,1
637587,2,1,1,2,1,1
1722271,1,1,0,1,1,0
489906,9,7,2,9,7,2
1407949,1,1,0,1,1,0
1407931,2,2,0,2,2,0
1405539,2,2,0,2,2,0
637462,3,2,1,3,2,1
746974,7,5,2,7,5,2
1350750,2,2,0,2,2,0
1753391,2,0,2,2,0,2
350702,1,0,1,0,0,0
351130,1,0,1,1,0,1
1207059,2,2,0,2,2,0
340794,1,1,0,1,1,0
348896,1,0,1,1,0,1
350983,3,1,2,3,1,2
351007,1,1,0,2,1,1
351015,2,0,2,2,0,2
351049,3,1,2,3,1,2
750646,1,1,0,1,1,0
351288,2,0,2,2,0,2
1400613,3,3,0,3,3,0
351304,1,0,1,1,0,1
1400621,1,1,0,1,1,0
351494,1,0,1,1,0,1
1325091,3,3,0,3,3,0
351536,1,1,0,1,1,0
1781301,1,1,0,1,1,0
571125,1,0,1,1,0,1
613810,2,0,2,2,0,2
1771427,3,1,2,3,1,2
351098,1,1,0,1,1,0
626390,8,1,7,8,1,7
625913,5,1,4,5,1,4
350546,19,1,18,19,1,18
350579,79,4,75,79,4,75
1664861,1,1,0,1,1,0
1555929,1,1,0,1,1,0
737817,4,4,0,3,3,0
562132,2,0,2,0,0,0
613877,1,0,1,1,0,1
675074,10,6,4,10,6,4
698340,6,1,5,6,1,5
719435,5,1,4,5,1,4
718981,1,1,0,1,1,0
848002,2,1,1,2,1,1
808527,37,1,36,37,1,36
1236710,1,0,1,1,0,1
1139955,1,1,0,1,1,0
1771435,1,1,0,1,1,0
342691,1,0,1,1,0,1
576819,2,1,1,2,1,1
626416,5,4,1,8,4,4
1693647,5,2,3,7,2,5
1745868,2,0,2,2,0,2
577007,3,2,1,3,2,1
260380,1,0,1,1,0,1
1325117,2,2,0,2,2,0
1395110,1,0,1,1,0,1
688804,7,3,4,7,3,4
1139807,4,3,1,4,3,1
688747,3,2,1,3,2,1
1139559,4,2,2,4,2,2
626564,3,2,1,3,2,1
700864,8,6,2,8,6,2
626275,3,3,0,3,3,0
1179365,2,2,0,2,2,0
1017508,3,2,1,3,2,1
688739,1,1,0,1,1,0
514240,3,2,1,3,2,1
1017839,3,3,0,3,3,0
536102,1,1,0,0,0,0
350819,1,0,1,1,0,1
257758,4,1,3,3,1,2
255604,1,1,0,1,1,0
255638,5,1,4,5,1,4
255943,4,1,3,4,1,3
1698554,7,2,5,7,2,5
256156,2,1,1,2,1,1
256305,2,0,2,2,0,2
256511,1,0,1,1,0,1
256750,1,0,1,1,0,1
256818,1,1,0,1,1,0
559468,3,1,2,3,1,2
261701,3,1,2,0,0,0
256222,1,0,1,1,0,1
667709,1,0,1,1,0,1
913889,7,4,3,7,4,3
643635,5,4,1,5,4,1
657395,4,2,2,4,2,2
657403,9,4,5,9,4,5
1541549,2,1,1,2,1,1
364331,1,0,1,0,0,0
210898,2,1,1,2,1,1
291187,1,0,1,1,0,1
477281,1,1,0,1,1,0
440487,2,0,2,2,0,2
440230,3,1,2,3,1,2
440255,2,1,1,2,1,1
422964,2,0,2,2,0,2
440321,1,1,0,1,1,0
432021,18,2,16,18,2,16
432047,1,0,1,1,0,1
432054,1,1,0,1,1,0
422303,2,0,2,2,0,2
432534,2,0,2,2,0,2
422329,2,0,2,2,0,2
432294,1,0,1,1,0,1
430801,1,0,1,1,0,1
430892,1,0,1,1,0,1
431007,1,1,0,1,1,0
441717,2,0,2,2,0,2
441758,2,1,1,2,1,1
441212,2,1,1,2,1,1
440446,1,0,1,1,0,1
440479,1,0,1,1,0,1
432484,1,0,1,1,0,1
431122,1,1,0,1,1,0
1768381,5,1,4,5,1,4
477422,1,0,1,1,0,1
549733,1,0,1,1,0,1
551028,1,0,1,1,0,1
550129,1,0,1,1,0,1
557280,1,0,1,1,0,1
556837,1,0,1,1,0,1
573451,10,1,9,10,1,9
593020,2,1,1,2,1,1
1699339,2,0,2,2,0,2
1317635,2,0,2,2,0,2
1754845,4,4,0,4,4,0
1160340,1,0,1,1,0,1
1379478,7,3,4,7,3,4
553610,4,2,2,4,2,2
1199934,2,2,0,2,2,0
1348515,4,0,4,4,0,4
1379460,3,3,0,3,3,0
1145879,2,1,1,2,1,1
1378967,2,1,1,2,1,1
1162122,3,3,0,3,3,0
210781,6,5,1,6,5,1
1348812,6,1,5,6,1,5
1629336,3,0,3,3,0,3
1345560,1,0,1,1,0,1
1405109,1,0,1,1,0,1
1162874,1,1,0,1,1,0
1162486,2,2,0,2,2,0
592345,17,12,5,17,12,5
1414747,3,1,2,2,1,1
1718162,1,1,0,1,1,0
1393412,3,0,3,3,0,3
1718949,1,1,0,1,1,0
1771484,34,2,32,34,2,32
1303783,3,2,1,3,2,1
1348960,2,2,0,2,2,0
1345891,5,4,1,5,4,1
306290,1,1,0,1,1,0
244921,2,1,1,2,1,1
245019,1,1,0,1,1,0
243634,1,0,1,1,0,1
241323,1,0,1,1,0,1
228536,1,0,1,1,0,1
228627,5,0,5,5,0,5
228643,1,1,0,1,1,0
228973,1,0,1,1,0,1
228981,1,0,1,1,0,1
229054,1,0,1,1,0,1
229245,1,0,1,1,0,1
270504,2,1,1,2,1,1
529289,2,1,1,2,1,1
618033,1,1,0,1,1,0
578674,10,4,6,10,4,6
1025659,3,1,2,3,1,2
754721,5,2,3,5,2,3
1025667,1,0,1,1,0,1
578625,4,4,0,4,4,0
1026194,2,0,2,2,0,2
526129,6,5,1,6,5,1
578732,6,3,3,6,3,3
634345,10,5,5,10,5,5
1154418,7,7,0,7,7,0
751610,3,3,0,3,3,0
1703818,2,2,0,0,0,0
578609,3,3,0,3,3,0
522011,2,0,2,2,0,2
391383,1,1,0,1,1,0
700740,3,3,0,3,3,0
566679,2,1,1,2,1,1
1325356,5,3,2,5,3,2
729491,1,1,0,1,1,0
391748,1,0,1,1,0,1
391813,1,0,1,0,0,0
1402098,1,1,0,1,1,0
566703,1,0,1,1,0,1
414755,1,0,1,1,0,1
414763,1,0,1,1,0,1
385807,3,1,2,3,1,2
385815,1,0,1,1,0,1
414169,1,1,0,1,1,0
413880,3,0,3,3,0,3
681502,1,0,1,1,0,1
413898,1,0,1,1,0,1
1043686,3,3,0,3,3,0
414268,9,1,8,9,1,8
1558808,2,2,0,2,2,0
413823,2,0,2,2,0,2
1313709,2,2,0,2,2,0
644203,1,0,1,1,0,1
681387,1,0,1,1,0,1
358317,4,0,4,4,0,4
1567569,6,1,5,6,1,5
343822,3,1,2,3,1,2
577320,2,2,0,2,2,0
1322072,8,2,6,8,2,6
358408,9,1,8,9,1,8
681551,6,2,4,6,2,4
577676,13,9,4,13,9,4
567305,3,2,1,3,2,1
849992,1,1,0,1,1,0
849729,2,2,0,2,2,0
639997,1,1,0,1,1,0
640102,3,3,0,3,3,0
849513,2,2,0,2,2,0
632232,1,1,0,1,1,0
640029,8,7,1,8,7,1
577619,4,4,0,4,4,0
700732,2,2,0,2,2,0
714360,6,2,4,6,2,4
277152,3,1,2,3,1,2
278366,3,0,3,3,0,3
278416,1,0,1,1,0,1
581108,8,4,4,8,4,4
291088,1,0,1,1,0,1
821546,1,0,1,2,1,1
821603,4,1,3,4,1,3
1141159,5,1,4,5,1,4
468140,45,4,41,45,4,41
281964,2,0,2,2,0,2
1064203,63,11,52,63,11,52
405415,2,2,0,2,2,0
408302,2,1,1,2,1,1
408393,3,0,3,3,0,3
201715,1,1,0,1,1,0
220673,1,0,1,1,0,1
232223,1,0,1,1,0,1
1523802,1,1,0,1,1,0
234187,1,1,0,1,1,0
1327287,1,1,0,1,1,0
931063,1,1,0,1,1,0
1390673,3,2,1,3,2,1
934216,5,4,1,5,4,1
495325,10,7,3,10,7,3
264267,1,0,1,0,0,0
252478,4,1,3,4,1,3
252510,6,1,5,6,1,5
253336,1,0,1,1,0,1
253492,4,1,3,4,1,3
249466,1,0,1,0,0,0
583849,7,4,3,3,2,1
249177,9,1,8,2,1,1
904730,3,1,2,0,0,0
286526,1,1,0,1,1,0
250514,60,5,55,60,5,55
250555,1,0,1,0,0,0
250985,4,0,4,4,0,4
247510,47,4,43,47,4,43
588772,16,1,15,13,1,12
820597,5,1,4,5,1,4
470112,2,0,2,2,0,2
1078054,58,4,54,58,4,54
1369495,79,8,71,79,8,71
248534,21,1,20,17,1,16
248559,6,0,6,6,0,6
248666,1,0,1,1,0,1
707117,8,7,1,8,7,1
763326,24,1,23,23,1,22
1380260,14,5,9,2,1,1
1380062,1,0,1,1,0,1
1379684,14,3,11,12,2,10
761650,2,2,0,2,2,0
600387,14,6,8,14,6,8
286518,7,3,4,7,3,4
935684,1,0,1,1,0,1
932699,2,0,2,2,0,2
405928,3,0,3,3,0,3
731893,2,1,1,2,1,1
1735323,5,5,0,5,5,0
1396456,13,1,12,13,1,12
1370386,1,0,1,1,0,1
407478,5,1,4,5,1,4
407718,3,1,2,3,1,2
407759,5,1,4,5,1,4
407940,8,1,7,8,1,7
408971,2,0,2,2,0,2
409383,1,0,1,1,0,1
409953,2,1,1,2,1,1
410571,2,1,1,2,1,1
205187,1,1,0,1,1,0
495283,5,1,4,5,1,4
614586,4,1,3,4,1,3
647453,2,1,1,2,1,1
783084,3,2,1,3,2,1
932921,1,1,0,1,1,0
935676,1,0,1,1,0,1
933226,10,2,8,10,2,8
1325547,7,2,5,7,2,5
1455328,2,2,0,2,2,0
1347442,10,2,8,10,2,8
1347459,1,1,0,1,1,0
1206325,3,2,1,3,2,1
303230,10,1,9,10,1,9
297507,2,1,1,2,1,1
1594555,11,10,1,11,10,1
848291,1,0,1,1,0,1
299198,3,1,2,3,1,2
1018613,4,1,3,4,1,3
564823,3,1,2,3,1,2
1628718,1,1,0,1,1,0
302596,1,0,1,1,0,1
789560,9,1,8,9,1,8
1079201,3,1,2,3,1,2
760926,7,1,6,7,1,6
1123371,4,1,3,4,1,3
1404326,7,0,7,7,0,7
299412,4,1,3,4,1,3
297689,3,1,2,3,1,2
473850,2,0,2,2,0,2
1206283,4,2,2,4,2,2
473876,3,1,2,3,1,2
1436336,4,0,4,4,0,4
1765890,2,0,2,2,0,2
1205848,5,1,4,5,1,4
1369149,4,1,3,4,1,3
1594365,2,0,2,2,0,2
1412162,3,1,2,3,1,2
202598,3,1,2,3,1,2
202630,5,1,4,5,1,4
202929,4,0,4,4,0,4
682997,1,0,1,1,0,1
683169,1,0,1,1,0,1
683300,5,1,4,5,1,4
729939,3,0,3,3,0,3
800201,16,1,15,16,1,15
1150002,23,1,22,23,1,22
1147495,6,1,5,6,1,5
1533751,2,0,2,2,0,2
530832,2,1,1,2,1,1
1230069,6,1,5,0,0,0
1231786,3,1,2,0,0,0
730309,3,1,2,3,1,2
558072,1,0,1,1,0,1
558049,20,1,19,20,1,19
1147412,4,2,2,4,2,2
477695,4,1,3,4,1,3
219170,3,1,2,3,1,2
1379353,3,3,0,3,3,0
311902,17,1,16,17,1,16
311910,10,1,9,10,1,9
796771,27,8,19,27,8,19
796946,3,3,0,3,3,0
312108,2,0,2,2,0,2
312116,2,1,1,2,1,1
312181,2,1,1,2,1,1
312207,1,0,1,0,0,0
312504,1,0,1,1,0,1
312520,2,1,1,2,1,1
312595,2,1,1,2,1,1
1659101,1,1,0,1,1,0
612291,1,1,0,1,1,0
891515,7,1,6,7,1,6
892034,33,1,32,33,1,32
844357,10,1,9,10,1,9
1271576,8,1,7,8,1,7
1653625,121,8,113,121,8,113
844449,4,0,4,4,0,4
844472,15,1,14,15,1,14
844506,50,2,48,50,2,48
612440,122,10,112,122,10,112
612051,3,3,0,3,3,0
288159,1,0,1,1,0,1
1418201,3,2,1,2,2,0
1664820,4,2,2,4,2,2
295055,1,0,1,1,0,1
1324730,2,1,1,2,1,1
294314,1,0,1,1,0,1
1324680,1,1,0,1,1,0
295667,7,1,6,7,1,6
295675,1,0,1,1,0,1
1577774,6,2,4,6,2,4
295733,2,0,2,2,0,2
295790,2,2,0,2,2,0
296368,1,0,1,1,0,1
295691,1,0,1,1,0,1
295717,1,0,1,1,0,1
295915,1,1,0,1,1,0
1630649,1,1,0,0,0,0
295931,3,0,3,3,0,3
866285,23,1,22,23,1,22
295956,2,1,1,2,1,1
1577790,2,2,0,2,2,0
296095,2,1,1,1,0,1
1416072,3,2,1,2,1,1
1320225,7,1,6,7,1,6
290023,12,1,11,0,0,0
1417104,1,0,1,1,0,1
289504,1,0,1,1,0,1
1417302,1,0,1,2,1,1
1543651,6,3,3,6,3,3
541730,2,0,2,2,0,2
609545,1,0,1,1,0,1
1388305,2,2,0,2,2,0
624064,6,1,5,6,1,5
1668151,2,1,1,2,1,1
1539832,4,3,1,4,3,1
751719,1,0,1,2,1,1
751735,1,0,1,2,1,1
747766,1,0,1,1,0,1
1349299,6,1,5,6,1,5
1417187,4,1,3,4,1,3
1533520,2,0,2,2,0,2
393488,12,1,11,0,0,0
519421,1,0,1,1,0,1
1417534,4,0,4,4,0,4
1530989,1,1,0,0,0,0
1576040,6,0,6,6,0,6
1416197,2,2,0,2,2,0
287961,1,1,0,1,1,0
1247451,2,2,0,2,2,0
610469,5,4,1,5,4,1
297234,1,0,1,1,0,1
1342625,3,0,3,3,0,3
609495,4,3,1,4,3,1
576215,11,9,2,11,9,2
295485,2,0,2,2,0,2
1220870,11,3,8,11,3,8
751982,3,1,2,3,1,2
1765940,1,1,0,1,1,0
1668664,3,1,2,3,1,2
268326,3,1,2,3,1,2
802785,1,1,0,1,1,0
1368950,3,3,0,3,3,0
269563,27,1,26,21,2,19
269571,2,1,1,2,1,1
1415389,2,2,0,2,2,0
1456516,2,1,1,2,1,1
267690,1,1,0,1,1,0
1728245,2,2,0,2,2,0
211540,39,4,35,39,4,35
1616127,46,6,40,46,6,40
211623,1,1,0,1,1,0
211672,19,1,18,19,1,18
1456730,1,1,0,1,1,0
268722,40,1,39,39,1,38
1730738,1,1,0,1,1,0
1311828,1,1,0,1,1,0
212274,1,1,0,1,1,0
1628056,1,1,0,1,1,0
487876,1,1,0,1,1,0
1668698,1,1,0,1,1,0
1728237,3,1,2,3,1,2
545368,7,1,6,7,1,6
1616226,2,2,0,2,2,0
561316,1,1,0,1,1,0
588947,1,1,0,1,1,0
1777259,1,0,1,1,0,1
661033,11,1,10,9,1,8
1211135,15,1,14,15,1,14
1456714,10,1,9,10,1,9
1388156,1,1,0,1,1,0
1415827,5,1,4,5,1,4
1418409,1,1,0,1,1,0
525931,3,3,0,3,3,0
259077,1,0,1,1,0,1
768606,3,0,3,3,0,3
1627447,1,1,0,1,1,0
401554,3,1,2,3,1,2
1305598,2,1,1,2,1,1
401828,1,1,0,1,1,0
401935,1,0,1,1,0,1
401984,1,0,1,1,0,1
926568,10,2,8,10,2,8
402297,2,1,1,2,1,1
270041,6,1,5,6,1,5
223370,1,1,0,1,1,0
1113984,2,0,2,2,0,2
224238,1,1,0,1,1,0
224394,2,0,2,2,0,2
270421,1,1,0,1,1,0
926584,4,2,2,4,2,2
517094,1,0,1,1,0,1
1399724,2,1,1,2,1,1
623660,2,0,2,2,0,2
489484,1,0,1,1,0,1
658351,2,0,2,2,0,2
658344,1,0,1,1,0,1
677005,1,0,1,1,0,1
926345,5,1,4,5,1,4
768093,2,1,1,2,1,1
676833,1,0,1,1,0,1
926469,2,0,2,2,0,2
1361823,6,1,5,6,1,5
926352,5,1,4,5,1,4
623520,2,1,1,2,1,1
1104801,3,3,0,3,3,0
1693233,2,2,0,2,2,0
1640036,1,1,0,1,1,0
623389,3,1,2,3,1,2
768614,2,2,0,2,2,0
1661883,7,2,5,7,2,5
521609,3,1,2,3,1,2
918102,2,2,0,2,2,0
623405,6,3,3,6,3,3
1267384,1,1,0,1,1,0
367706,7,1,6,7,1,6
212027,1,1,0,1,1,0
213298,11,1,10,11,1,10
1449230,3,2,1,3,2,1
1156306,1,1,0,1,1,0
1156462,3,2,1,3,2,1
587519,26,1,25,26,1,25
418210,43,4,39,43,4,39
418194,1,1,0,1,1,0
1606284,2,1,1,2,1,1
758151,25,1,24,25,1,24
1157254,1,0,1,1,0,1
1157023,43,6,37,43,6,37
1157668,2,2,0,2,2,0
1155662,3,3,0,3,3,0
1156900,1,1,0,1,1,0
1372994,1,1,0,1,1,0
1571728,6,2,4,6,2,4
394213,4,4,0,4,4,0
395210,55,8,47,55,8,47
352070,1,0,1,1,0,1
1760776,2,2,0,2,2,0
352096,1,1,0,1,1,0
1564756,3,3,0,3,3,0
260281,109,4,105,109,4,105
1546126,6,3,3,6,3,3
835256,2,1,1,2,1,1
1138536,1,0,1,1,0,1
571802,2,0,2,2,0,2
350488,131,9,122,121,9,112
1136902,186,12,174,186,12,174
700872,11,10,1,11,10,1
625707,6,3,3,6,3,3
1136829,4,4,0,4,4,0
493619,8,7,1,7,7,0
413419,22,3,19,22,3,19
750034,5,3,2,3,2,1
412726,1,0,1,1,0,1
1578368,2,2,0,2,2,0
1310556,1,1,0,1,1,0
906404,2,1,1,2,1,1
385385,1,1,0,1,1,0
686576,2,1,1,2,1,1
1042068,3,2,1,3,2,1
384941,1,0,1,1,0,1
681510,4,4,0,4,4,0
416594,2,0,2,2,0,2
718049,1,1,0,1,1,0
385054,1,0,1,1,0,1
793182,4,3,1,4,3,1
818328,2,0,2,2,0,2
385161,2,1,1,2,1,1
1373125,4,1,3,4,1,3
1535483,3,3,0,3,3,0
416404,2,1,1,2,1,1
1399245,6,3,3,6,3,3
412676,1,1,0,1,1,0
1311356,1,1,0,1,1,0
384990,1,0,1,1,0,1
1458298,2,0,2,2,0,2
415091,10,1,9,10,1,9
416735,1,1,0,1,1,0
1414374,5,3,2,5,3,2
586297,1,1,0,1,1,0
818773,1,0,1,1,0,1
1002021,5,3,2,5,3,2
818740,8,1,7,8,1,7
606293,2,0,2,2,0,2
637819,7,1,6,7,1,6
1002195,3,1,2,3,1,2
1318815,17,1,16,17,1,16
1623669,4,4,0,4,4,0
417816,2,0,2,2,0,2
912600,7,3,4,7,3,4
597336,10,6,4,10,6,4
326595,1,0,1,1,0,1
1137959,4,2,2,4,2,2
616458,3,3,0,3,3,0
326942,9,1,8,7,1,6
1276039,10,1,9,0,0,0
326983,24,1,23,22,2,20
720052,2,0,2,2,0,2
1137595,2,0,2,2,0,2
327411,6,3,3,6,3,3
297861,1,0,1,1,0,1
514026,1,0,1,1,0,1
1586460,5,0,5,5,0,5
707414,2,1,1,2,1,1
1319714,2,1,1,2,1,1
299370,1,1,0,1,1,0
1123900,5,0,5,5,0,5
1398577,11,1,10,11,1,10
1398619,1,1,0,1,1,0
1659556,4,2,2,4,2,2
1398650,1,0,1,1,0,1
1400993,1,0,1,1,0,1
676148,1,1,0,1,1,0
1397553,4,1,3,4,1,3
1718741,2,0,2,3,1,2
564831,2,0,2,2,0,2
1540335,6,0,6,6,0,6
299354,1,0,1,1,0,1
1375757,3,2,1,3,2,1
603548,5,2,3,5,2,3
1586049,14,2,12,14,2,12
1406065,7,0,7,7,0,7
677385,1,0,1,1,0,1
298273,1,0,1,1,0,1
878330,6,1,5,6,1,5
1588904,4,1,3,4,1,3
1699594,3,3,0,3,3,0
1402148,1,1,0,1,1,0
1717016,21,6,15,21,6,15
304311,1,1,0,0,0,0
1315944,3,0,3,0,0,0
301838,1,0,1,1,0,1
301846,2,1,1,2,1,1
1124221,6,1,5,6,1,5
1720721,5,1,4,5,1,4
275099,2,1,1,2,1,1
854588,7,1,6,4,1,3
1402122,6,5,1,6,5,1
564898,3,1,2,3,1,2
1123827,8,1,7,8,1,7
301630,3,0,3,3,0,3
549436,1,0,1,1,0,1
547331,1,0,1,1,0,1
1095769,1,1,0,1,1,0
1402130,2,1,1,2,1,1
513622,2,0,2,2,0,2
511931,1,1,0,1,1,0
1785955,2,0,2,2,0,2
1590827,1,0,1,1,0,1
1463942,7,1,6,7,1,6
675512,26,1,25,26,1,25
675348,4,1,3,4,1,3
1586304,2,0,2,2,0,2
1628700,63,7,56,63,7,56
675587,1,0,1,1,0,1
675751,1,0,1,0,0,0
675694,12,1,11,8,1,7
675595,4,2,2,4,2,2
1671288,3,2,1,3,2,1
1395581,2,2,0,2,2,0
675637,6,1,5,7,2,5
675819,4,1,3,4,1,3
1719996,8,1,7,8,1,7
707448,1,1,0,1,1,0
789396,3,0,3,3,0,3
1586213,6,0,6,7,1,6
789420,2,0,2,2,0,2
789636,40,1,39,25,1,24
1406099,5,2,3,5,2,3
1120294,2,2,0,2,2,0
789818,1,0,1,1,0,1
1586197,3,1,2,3,1,2
866913,43,5,38,43,5,38
1586478,1,0,1,1,0,1
1218510,5,1,4,5,1,4
1218593,1,1,0,1,1,0
1719665,10,3,7,10,3,7
1585942,1,0,1,1,0,1
1586072,1,0,1,1,0,1
1398288,7,1,6,7,1,6
1398320,5,1,4,5,1,4
1398379,2,0,2,2,0,2
707646,1,1,0,1,1,0
298802,2,0,2,2,0,2
603258,15,2,13,15,2,13
1402361,26,0,26,26,0,26
411348,1,0,1,0,0,0
285627,1,1,0,1,1,0
285650,4,1,3,4,1,3
237776,2,2,0,2,2,0
237784,2,1,1,2,1,1
237859,19,1,18,19,1,18
238022,1,1,0,1,1,0
238071,1,0,1,1,0,1
238527,1,0,1,1,0,1
283408,2,1,1,2,1,1
283481,2,2,0,2,2,0
283556,1,1,0,1,1,0
284604,1,0,1,1,0,1
284653,6,0,6,6,0,6
284810,25,3,22,25,3,22
200717,2,0,2,2,0,2
615732,1,0,1,1,0,1
645499,1,0,1,0,0,0
854497,1,0,1,0,0,0
1777960,6,1,5,6,1,5
930412,3,0,3,3,0,3
1744200,1,1,0,0,0,0
908319,4,2,2,4,2,2
1204718,1,1,0,0,0,0
1259001,2,2,0,0,0,0
929695,1,0,1,0,0,0
1205830,1,1,0,1,1,0
1140904,12,7,5,12,7,5
1090422,2,0,2,2,0,2
535716,2,1,1,0,0,0
1326008,13,3,10,13,3,10
1457860,5,1,4,5,1,4
1379775,1,1,0,1,1,0
618975,1,0,1,1,0,1
618793,1,1,0,1,1,0
1440189,1,0,1,1,0,1
1434471,8,1,7,8,1,7
936690,1,0,1,1,0,1
1569870,4,0,4,4,0,4
1779842,7,0,7,7,0,7
925214,1,0,1,1,0,1
936849,1,0,1,1,0,1
1035534,2,0,2,2,0,2
598987,1,0,1,1,0,1
376871,2,0,2,2,0,2
376897,2,0,2,2,0,2
599043,4,1,3,4,1,3
381442,4,1,3,4,1,3
381475,20,2,18,20,2,18
375196,1,0,1,1,0,1
567370,3,1,2,3,1,2
381889,6,0,6,0,0,0
381970,2,0,2,2,0,2
378737,2,1,1,2,1,1
569491,6,1,5,6,1,5
377184,2,1,1,2,1,1
377218,1,0,1,1,0,1
599373,2,0,2,2,0,2
1215755,1,0,1,1,0,1
382390,3,1,2,3,1,2
569640,9,1,8,9,1,8
599407,1,0,1,1,0,1
380246,1,0,1,1,0,1
380493,1,0,1,1,0,1
558668,2,0,2,2,0,2
379081,2,0,2,2,0,2
1778661,1,0,1,1,0,1
379958,5,1,4,5,1,4
380154,3,1,2,3,1,2
374793,1,0,1,1,0,1
861765,1,0,1,1,0,1
375014,1,0,1,0,0,0
610105,1,0,1,1,0,1
374199,3,1,2,3,1,2
374215,1,0,1,1,0,1
374702,1,0,1,1,0,1
374710,2,0,2,2,0,2
377317,4,0,4,4,0,4
377572,1,0,1,1,0,1
610089,1,0,1,0,0,0
365916,1,0,1,1,0,1
378281,7,1,6,7,1,6
378463,2,1,1,2,1,1
369165,5,1,4,5,1,4
937110,8,1,7,8,1,7
369314,24,1,23,24,1,23
369413,2,1,1,2,1,1
369488,3,1,2,3,1,2
369496,4,1,3,4,1,3
369512,6,1,5,6,1,5
519850,4,1,3,4,1,3
738732,7,1,6,7,1,6
369629,4,1,3,4,1,3
369637,4,1,3,4,1,3
369678,3,1,2,3,1,2
369686,29,1,28,29,1,28
1760461,63,6,57,63,6,57
369694,10,1,9,10,1,9
369702,4,1,3,4,1,3
692210,1,0,1,1,0,1
786186,2,1,1,2,1,1
925453,4,1,3,4,1,3
794693,18,1,17,18,1,17
794719,2,1,1,2,1,1
794750,1,0,1,1,0,1
1722362,28,7,21,28,7,21
364851,1,1,0,1,1,0
364869,1,0,1,1,0,1
365502,1,0,1,1,0,1
365528,2,1,1,2,1,1
365643,2,0,2,2,0,2
1586940,6,2,4,6,2,4
375352,1,0,1,1,0,1
375386,16,1,15,16,1,15
470658,8,1,7,8,1,7
498543,1,0,1,1,0,1
553495,11,1,10,11,1,10
554576,1,1,0,1,1,0
480962,1,0,1,1,0,1
368456,1,0,1,1,0,1
1779750,2,0,2,2,0,2
554287,1,0,1,0,0,0
520049,3,1,2,3,1,2
520445,1,0,1,1,0,1
519553,1,0,1,1,0,1
519769,1,0,1,1,0,1
519363,2,0,2,2,0,2
558239,3,1,2,3,1,2
558742,5,1,4,5,1,4
530352,25,1,24,25,1,24
1434323,59,7,52,59,7,52
520148,5,1,4,5,1,4
530451,1,0,1,1,0,1
1779818,3,0,3,3,0,3
530253,1,0,1,1,0,1
1779792,2,0,2,2,0,2
558833,5,0,5,5,0,5
558866,1,0,1,1,0,1
1439074,1,1,0,1,1,0
569434,22,1,21,22,1,21
601443,12,1,11,12,1,11
599118,6,1,5,6,1,5
624833,1,0,1,1,0,1
659284,1,0,1,1,0,1
624841,3,1,2,3,1,2
624858,8,1,7,8,1,7
667956,3,1,2,3,1,2
667972,6,1,5,6,1,5
375964,3,1,2,3,1,2
668160,5,1,4,5,1,4
691972,4,1,3,4,1,3
1439512,4,2,2,4,2,2
692244,1,0,1,1,0,1
1779826,1,0,1,1,0,1
692228,1,0,1,1,0,1
692236,9,1,8,9,1,8
692079,2,0,2,2,0,2
692046,3,1,2,3,1,2
713412,2,1,1,2,1,1
713560,6,1,5,6,1,5
713727,1,0,1,1,0,1
713628,8,1,7,8,1,7
738781,2,1,1,2,1,1
786137,17,1,16,17,1,16
786145,11,1,10,11,1,10
797928,6,1,5,1,1,0
795484,4,0,4,4,0,4
861849,9,1,8,9,1,8
374629,1,0,1,1,0,1
1568526,2,2,0,2,2,0
1388743,4,1,3,4,1,3
569244,6,1,5,6,1,5
1036326,5,1,4,5,1,4
525527,1,1,0,1,1,0
569095,2,2,0,2,2,0
1440429,2,2,0,2,2,0
1699768,41,6,35,41,6,35
697177,3,2,1,3,2,1
936369,2,2,0,2,2,0
1430156,3,1,2,3,1,2
1035294,2,0,2,2,0,2
862565,1,0,1,1,0,1
1440437,3,2,1,3,2,1
936302,6,3,3,6,3,3
1036623,4,2,2,4,2,2
1327329,5,1,4,5,1,4
369538,24,1,23,24,1,23
1213867,41,7,34,41,7,34
1702422,2,2,0,2,2,0
369611,17,1,16,17,1,16
624866,3,1,2,3,1,2
580233,3,2,1,3,2,1
569335,3,2,1,3,2,1
372896,4,2,2,0,0,0
697185,7,1,6,7,1,6
1568484,1,0,1,1,0,1
1314483,68,8,60,68,8,60
1385384,46,7,39,46,7,39
580597,4,0,4,4,0,4
1035179,4,0,4,4,0,4
713719,1,0,1,1,0,1
1388784,1,1,0,1,1,0
1103845,35,6,29,35,6,29
937102,4,2,2,4,2,2
618827,6,4,2,6,4,2
365486,2,0,2,2,0,2
1568591,3,1,2,3,1,2
1100783,4,1,3,4,1,3
1776749,15,0,15,15,0,15
239756,15,8,7,15,8,7
242594,25,1,24,21,1,20
746271,1,1,0,1,1,0
239244,1,0,1,1,0,1
244368,2,0,2,2,0,2
244400,2,1,1,2,1,1
244509,2,1,1,2,1,1
244665,1,0,1,1,0,1
244723,1,0,1,1,0,1
240622,1,1,0,1,1,0
240671,1,0,1,1,0,1
240945,3,1,2,3,1,2
241109,3,1,2,3,1,2
241125,4,2,2,4,2,2
241273,1,0,1,1,0,1
241968,1,0,1,1,0,1
474775,1,0,1,1,0,1
625129,1,0,1,1,0,1
729251,1,1,0,1,1,0
700906,1,0,1,1,0,1
612499,2,1,1,2,1,1
1580042,6,1,5,6,1,5
581538,2,1,1,2,1,1
581421,5,4,1,5,4,1
1329606,3,0,3,3,0,3
1579556,3,3,0,3,3,0
1573211,2,2,0,2,2,0
1722024,31,0,31,31,0,31
1579564,1,1,0,1,1,0
746289,11,7,4,11,7,4
500645,9,5,4,9,5,4
805010,2,0,2,2,0,2
581520,2,2,0,2,2,0
230193,3,1,2,3,1,2
230383,2,1,1,2,1,1
230474,2,1,1,2,1,1
230482,3,1,2,3,1,2
230805,1,0,1,1,0,1
230896,1,1,0,0,,0
231126,1,0,1,1,0,1
231217,2,1,1,2,1,1
231266,1,1,0,1,1,0
231654,1,1,0,1,1,0
231662,1,0,1,1,0,1
231720,1,0,1,1,0,1
221119,1,1,0,1,1,0
221150,1,1,0,1,1,0
221176,1,1,0,1,1,0
221440,2,1,1,2,1,1
221499,1,1,0,1,1,0
221788,3,0,3,3,0,3
221804,1,1,0,0,0,0
270520,2,0,2,0,0,0
270686,1,0,1,2,1,1
270728,1,0,1,1,0,1
270736,1,1,0,1,1,0
305813,1,1,0,1,1,0
305862,1,1,0,1,1,0
306027,1,0,1,1,0,1
243741,1,1,0,1,1,0
218438,1,0,1,1,0,1
239046,3,1,2,3,1,2
531483,1,0,1,1,0,1
1029206,1,0,1,1,0,1
474502,1,1,0,1,1,0
578906,2,1,1,2,1,1
1029438,1,1,0,1,1,0
1385061,1,1,0,1,1,0
1571587,3,0,3,3,0,3
755314,3,2,1,0,0,0
239723,6,4,2,6,4,2
1541887,1,0,1,1,0,1
660415,1,1,0,1,1,0
578914,5,2,3,5,2,3
572958,2,2,0,2,2,0
522391,4,2,2,4,2,2
1029263,2,2,0,2,2,0
615203,5,4,1,5,4,1
1024124,1,0,1,1,0,1
579003,1,1,0,1,1,0
579011,8,7,1,8,7,1
1023563,1,1,0,1,1,0
573196,7,6,1,5,4,1
631135,15,7,8,15,7,8
507533,15,8,7,15,8,7
536912,3,2,1,3,2,1
522193,10,9,1,10,9,1
660282,3,3,0,0,0,0
1720291,1,1,0,1,1,0
1023688,9,6,3,9,6,3
744441,4,1,3,4,1,3
706580,2,2,0,2,2,0
755199,4,1,3,4,1,3
